 Variables:6 6
 Monitor:1 
 Iterations:49 200 50 0 
 Time:  0.00000000e+000   0.00000000e+000
 Entries:50 50 
