 Variables:0 0
 Monitor:0 
 Iterations:0 0 0 0 
 Time:  0.00000000e+000   0.00000000e+000
 Entries:0 0 
